@{"model": "p3a", "writeAt": 1525322163.26085}
 Culture Criticality "Criticality Modifier" "Initial Known" Inter-Dependency Dynamism Size Plan "Team Size" o0_ o1_ o2_
13 0.6507044810478151 0.6872135394627725 0.0213658907155716 0.9425726034936992 0.6879565823424756 0.7401852043230374 0.00831280851629368 0.2714259339471257 0.7102652270562133 0.0257 0.5886 0.0
6 0.6900307312692413 0.4847977197842806 0.15479510370017913 0.7568637761039975 0.6638861129964371 0.5056295944067638 0.03103978475459923 0.7478336187304205 0.8853970642046923 0.0619 0.4736 0.0
1 0.1973295311859249 0.049660767261135434 0.08021469045392338 0.8165318392670127 0.2253968155417918 0.3525569335891153 0.029064222267270005 0.10404318205230678 0.272053877476637 0.0695 0.3601 0.1183
7 0.09990051185901437 0.4215168757884317 0.1304095098717757 0.7026001891538629 0.27357490780771965 0.7709303972689757 0.08851862151346235 0.5835064167829143 0.276536883430763 0.0766 0.3428 0.0
8 0.09990051185901437 0.6859516832995473 0.233588118152383 0.10166876997072792 0.15173824400938052 0.29418744221737203 0.08976442233466597 0.03985532924809432 0.013031276552513793 0.1058 0.2155 0.9231
15 0.627680247752322 0.6518191674358657 0.026332490722535518 0.6640085211134094 0.26034792614698044 0.0027781563319385643 0.2109281450708196 0.8430737848845237 0.9332141756971896 0.1098 0.1579 0.0
20 0.2219301293657372 0.1814878467048946 0.08737023301416702 0.14806155004132704 0.6522810385762018 0.03630323944284719 0.4473401908971868 0.21337382763219612 0.3405268936325824 0.1116 0.055 0.0
2 0.006336402014170517 0.19038602939734608 0.06463472652594349 0.2945177949687849 0.18418321351020064 0.026833420269302688 0.2681243546856225 0.7206476409369377 0.7289134829688442 0.1167 0.0284 0.2051
3 0.006336402014170517 0.19038602939734608 0.06463472652594349 0.2945177949687849 0.18418321351020064 0.026833420269302688 0.3765694079800061 0.1870932389245843 0.4078024447254969 0.1283 0.0238 0.2911
16 0.5113600885866312 0.4921021953664251 0.13774278116187644 0.6640085211134094 0.26034792614698044 0.0027781563319385643 0.2109281450708196 0.8430737848845237 0.9332141756971896 0.1328 0.0238 0.0
#
@{"model": "p3b", "writeAt": 1525322163.266902}
 Culture Criticality "Criticality Modifier" "Initial Known" Inter-Dependency Dynamism Size Plan "Team Size" o0_ o1_ o2_
0 0.17229026770761158 0.09112762106404247 0.9740248929106536 0.2415068766285987 0.13985214415007285 0.983053788705238 0.3790932965094401 0.6889096379786114 0.2291475247738479 0.0 0.7544 1.0
1 0.15790827237893354 0.2304362956703331 0.12323183987052032 0.7313032305345176 0.8055133162852962 0.37549106984241454 0.2945567127100969 0.3216577655249253 0.2371377099093739 0.0077 0.284 0.5495
2 0.2687582821823777 0.4706550978215751 0.7011934914897674 0.04564375374691565 0.3678499070083629 0.2808661026798659 0.1684933350182818 0.14804290074226922 0.3606331722962266 0.011000000000000001 0.3014 0.0
3 0.7768991718384025 0.03654039749595883 0.263792563149287 0.03503462888729558 0.5450208149526276 0.05540914300788802 0.08380832629064605 0.413983755651862 0.11653359801352005 0.0245 0.2102 1.0
4 0.4985200422347154 0.253802200709787 0.3278962945612085 0.8594965612715003 0.8234991855924313 0.1118545630032446 0.17924181928711413 0.2110011346743722 0.15961234575626893 0.0255 0.2263 0.9717
5 0.0011576496940762793 0.12080850069995384 0.5015147272777185 0.2662027377712544 0.42616833268992094 0.6363067645045498 0.3382704231544844 0.9496868402969956 0.8012314494907178 0.0307 0.1096 0.0
6 0.6509832947012224 0.5003500846299087 0.741293620256664 0.9876282514650098 0.9938436082285541 0.04816712788209998 0.3485517767449695 0.2533277018603887 0.5272065040074142 0.1263 0.0938 0.1538
7 0.6279884210213483 0.3846170136653663 0.9289238453313196 0.80925343419469 0.03117810375066465 0.02074039008838946 0.3216326853191802 0.5796227421801188 0.6542105370408721 0.147 0.0438 0.0
#
