@{"model": "p3a", "algorithm": "nsgaii", "runtime": 5.279381036758423, "writeAt": 1525290334.972796}
 Culture Criticality "Criticality Modifier" "Initial Known" Inter-Dependency Dynamism Size Plan "Team Size" o0_ o1_ o2_
0 0.044973243646925676 0.12289763236507523 0.05655437232456251 0.5936626481160687 0.8485373547264949 0.9198358608340542 0.030523952066364712 0.5052497400443203 0.3730920308192003 0.0429 0.6365 0.0
1 0.1973295311859249 0.04966076726113544 0.08021469045392338 0.8165318392670127 0.2253968155417918 0.35255693358911533 0.029064222267270012 0.10404318205230678 0.272053877476637 0.0695 0.3601 0.1183
2 0.006336402014170517 0.19038602939734606 0.06463472652594349 0.29451779496878494 0.18418321351020062 0.026833420269302688 0.26812435468562246 0.7206476409369377 0.7289134829688442 0.1167 0.0284 0.2051
3 0.006336402014170517 0.19038602939734606 0.06463472652594349 0.29451779496878494 0.18418321351020062 0.026833420269302688 0.37656940798000604 0.1870932389245843 0.40780244472549687 0.1283 0.0238 0.2911
4 0.1973295311859249 0.04966076726113544 0.08021469045392338 0.8165318392670127 0.2253968155417918 0.35255693358911533 0.26812435468562246 0.7206476409369377 0.7289134829688442 0.1346 0.3414 0.0
5 0.3096279807082247 0.02890424087662813 0.2710767537448353 0.9442077860658519 0.6255766267889207 0.011727305262337229 0.8458518656782162 0.6057218769666827 0.9100722533853375 0.3207 0.037 0.0
#
@{"model": "p3a", "algorithm": "nsgaii", "runtime": 4.95907998085022, "writeAt": 1525290341.1206431}
 Culture Criticality "Criticality Modifier" "Initial Known" Inter-Dependency Dynamism Size Plan "Team Size" o0_ o1_ o2_
0 0.6900307312692413 0.48479771978428055 0.15479510370017913 0.7568637761039975 0.663886112996437 0.5056295944067638 0.03103978475459923 0.7478336187304205 0.8853970642046923 0.0619 0.4736 0.0
1 0.09990051185901438 0.42151687578843167 0.1304095098717757 0.7026001891538629 0.27357490780771965 0.7709303972689757 0.08851862151346235 0.5835064167829143 0.276536883430763 0.0766 0.3428 0.0
2 0.09990051185901438 0.6859516832995473 0.233588118152383 0.10166876997072793 0.15173824400938052 0.29418744221737203 0.08976442233466597 0.03985532924809432 0.013031276552513793 0.1058 0.2155 0.9231
3 0.18172867444210528 0.2091384693404208 0.09342752903774454 0.5298554076816664 0.15979663390719423 0.056414184315508376 0.4391015303020662 0.9385096108795067 0.567311519319249 0.1333 0.1113 0.0923
4 0.9490870766568564 0.2091384693404208 0.09342752903774454 0.5298554076816664 0.15979663390719423 0.056414184315508376 0.4391015303020662 0.9385096108795067 0.567311519319249 0.1342 0.2422 0.0375
5 0.08876951752953166 0.6017870627353729 0.03289474388813751 0.5272016749043895 0.09685487434318163 0.13418617928266907 0.651362296903986 0.30046308935218013 0.9543841586737104 0.1704 0.0944 0.0
6 0.3636185740993828 0.5531198737507189 0.22361506547704124 0.48556097274141163 0.6031213910146662 0.050653280298098236 0.9018695974756106 0.40210100912473534 0.28740531279417336 0.3093 0.0845 0.0176
#
@{"model": "p3a", "algorithm": "nsgaii", "runtime": 3.8990280628204346, "writeAt": 1525290348.7644942}
 Culture Criticality "Criticality Modifier" "Initial Known" Inter-Dependency Dynamism Size Plan "Team Size" o0_ o1_ o2_
0 0.6507044810478151 0.6872135394627725 0.0213658907155716 0.9425726034936993 0.6879565823424756 0.7401852043230374 0.00831280851629368 0.27142593394712566 0.7102652270562133 0.0257 0.5886 0.0
1 0.3164239512624092 0.5525300050260087 0.004297288724529058 0.19715419787959687 0.9249429185156182 0.6047812545899999 0.32664460859751265 0.029034649443014926 0.3090458448730592 0.0861 0.5495 0.1183
2 0.627680247752322 0.6518191674358657 0.026332490722535518 0.6640085211134094 0.26034792614698044 0.002778156331938564 0.21092814507081958 0.8430737848845237 0.9332141756971897 0.1098 0.1579 0.0
3 0.5113600885866312 0.4921021953664251 0.13774278116187644 0.6640085211134094 0.26034792614698044 0.002778156331938564 0.21092814507081958 0.8430737848845237 0.9332141756971897 0.1328 0.0238 0.0
#
