@{"model": "p3a", "algorithm": "nsgaii", "runtime": 3.0683720111846924, "writeAt": 1525319327.726302}
 Culture Criticality "Criticality Modifier" "Initial Known" Inter-Dependency Dynamism Size Plan "Team Size" o0_ o1_ o2_
0 0.3676935125418652 0.5965386088123424 0.012007933783569902 0.10457829468532076 0.5684839864238344 0.3441958324051897 0.23336419817442133 0.39283020885815 0.3446806828542853 0.0619 0.6656 0.9091
1 0.2679602166460566 0.9403550364385707 0.012831825926283513 0.7211831845979567 0.8044692196739508 0.3668366180341177 0.29116626763921083 0.9175294225462309 0.1947645976312249 0.1006 0.5697 0.5611
2 0.1332178671731945 0.16251378186671728 0.11642900951313084 0.07133595177076235 0.1698007341268325 0.8460741127289909 0.2008759735831137 0.8218573593439988 0.8166543281787342 0.1028 0.422 0.1282
3 0.2219301293657372 0.1814878467048946 0.08737023301416702 0.14806155004132704 0.6522810385762018 0.03630323944284719 0.4473401908971868 0.21337382763219614 0.3405268936325824 0.1116 0.055 0.0
4 0.007710548190970168 0.1814878467048946 0.08737023301416702 0.14806155004132704 0.6522810385762018 0.03630323944284719 0.4473401908971868 0.21337382763219614 0.3405268936325824 0.1226 0.0389 0.7517
5 0.2746871203614908 0.5006540577812293 0.18347816513896553 0.7019367359939751 0.01230053732524694 0.017389054977170026 0.2958411805580553 0.05321523568225894 0.797946892929699 0.2063 0.0496 0.1709
6 0.2746871203614908 0.5006540577812293 0.18347816513896553 0.7019367359939751 0.01230053732524694 0.017389054977170026 0.6764684455195742 0.5967805502760767 0.6796037978381156 0.2469 0.0371 0.0
7 0.2219301293657372 0.7041327675492363 0.8329628509449692 0.6942040445990901 0.6664694123332061 0.0017169701507392388 0.09222133216837036 0.24393892858316701 0.6553575169118393 0.3433 0.0353 0.0
8 0.007710548190970168 0.7041327675492363 0.8329628509449692 0.6942040445990901 0.6664694123332061 0.0017169701507392388 0.09222133216837036 0.24393892858316701 0.6553575169118393 0.403 0.0291 0.9615
#
@{"model": "p3b", "algorithm": "nsgaii", "runtime": 0.7483770847320557, "writeAt": 1525319333.014612}
 Culture Criticality "Criticality Modifier" "Initial Known" Inter-Dependency Dynamism Size Plan "Team Size" o0_ o1_ o2_
0 0.17229026770761158 0.09112762106404249 0.9740248929106536 0.2415068766285987 0.13985214415007285 0.9830537887052379 0.37909329650944024 0.6889096379786114 0.22914752477384792 0.0 0.7544 1.0
1 0.15790827237893357 0.23043629567033308 0.12323183987052033 0.7313032305345176 0.8055133162852962 0.37549106984241454 0.29455671271009687 0.3216577655249253 0.23713770990937388 0.0077 0.284 0.5495
2 0.26875828218237774 0.4706550978215751 0.7011934914897674 0.04564375374691565 0.36784990700836284 0.2808661026798659 0.1684933350182818 0.14804290074226922 0.3606331722962266 0.011 0.3014 0.0
3 0.7768991718384025 0.03654039749595883 0.263792563149287 0.03503462888729558 0.5450208149526276 0.05540914300788802 0.08380832629064605 0.41398375565186196 0.11653359801352003 0.0245 0.2102 1.0
4 0.49852004223471547 0.253802200709787 0.3278962945612085 0.8594965612715003 0.8234991855924313 0.11185456300324459 0.17924181928711413 0.2110011346743722 0.15961234575626893 0.0255 0.2263 0.9717
5 0.0011576496940762793 0.12080850069995386 0.5015147272777185 0.26620273777125436 0.42616833268992094 0.6363067645045498 0.3382704231544844 0.9496868402969956 0.8012314494907178 0.0307 0.1096 0.0
6 0.6509832947012224 0.5003500846299087 0.741293620256664 0.9876282514650098 0.993843608228554 0.04816712788209998 0.3485517767449695 0.25332770186038867 0.5272065040074142 0.1263 0.0938 0.1538
7 0.6279884210213483 0.38461701366536627 0.9289238453313197 0.80925343419469 0.031178103750664654 0.02074039008838946 0.3216326853191802 0.5796227421801188 0.6542105370408721 0.147 0.0438 0.0
#
