@{"model": "p3a", "algorithm": "nsgaii", "runtime": 3.390259027481079, "writeAt": 1525554336.9485}
 Culture Criticality "Criticality Modifier" "Initial Known" Inter-Dependency Dynamism Size Plan "Team Size" o0_ o1_ o2_
0 0.4071446041983777 0.015750997350598928 0.058399691313716806 0.3894604347636137 0.08464379870877836 0.5004420763410974 0.15876510954933332 0.6588134385549521 0.3645598108458308 0.0674 0.6955 1.0
1 0.10030584588351699 0.18323234968256807 0.4034597402163125 0.20424121152261332 0.7074157492726917 0.9796664186339673 0.20472299446174502 0.5115264786979249 0.010397868557702306 0.0822 0.4783 0.6154
2 0.044349605053297325 0.6931703897639292 0.04570830088626088 0.9740374098054818 0.4829572389767417 0.1087331202866213 0.4663871620124125 0.5239175374680076 0.08625629890959075 0.0954 0.1361 0.8045
3 0.01798883017820485 0.5474578110507866 0.08220176944903368 0.48926621546103666 0.1722489535275047 0.8467471060400552 0.08495985654439242 0.7106486574109989 0.6702805638536999 0.0997 0.8259 0.3846
4 0.9815665302650229 0.7055401227122505 0.06777743445127604 0.18486421632569427 0.7658673656499752 0.8278820834078551 0.3291126101553864 0.9773067481218556 0.21317207643969782 0.102 0.8744 0.1049
5 0.5284702477792503 0.7377884055452314 0.06777743445127604 0.18486421632569427 0.7658673656499752 0.8278820834078551 0.3291126101553864 0.9773067481218556 0.21317207643969782 0.1125 0.7292 0.0
6 0.44098177093552726 0.38472479737090937 0.12417401853548671 0.4479077741014228 0.30592942387968025 0.29982965127331385 0.17774253821653319 0.3548054411943684 0.8764512261981555 0.1271 0.4142 0.6731
7 0.19470918632154077 0.350574936375331 0.32479010324074 0.883981672200943 0.6296885649456497 0.7183668584405818 0.2574493012366722 0.8063009211902434 0.13853974630405608 0.1637 0.5329 0.2007
8 0.024375498459705658 0.18784318651639087 0.6426325925048384 0.026569502356208807 0.4254996897394724 0.6296542809736582 0.08955954631180785 0.39556394511803106 0.40401163318363376 0.1686 0.2546 0.0
9 0.6983500972871667 0.4512149732561268 0.17277256009411712 0.23628344481411345 0.16757771620547668 0.07249384534625491 0.5708401232263142 0.27012728816397025 0.07457392774528915 0.1773 0.1975 0.0272
10 0.2290285280948945 0.38619442375867885 0.21731202265953464 0.33772987611984473 0.45461941176295606 0.012794814402386057 0.3511908277543919 0.6564597386910179 0.3697043412583867 0.178 0.0743 0.6787
11 0.03572778950322941 0.12315465304512485 0.08609547377863824 0.4013203445975164 0.20616563696499346 0.05853408074413957 0.7816644738049893 0.21956873499624707 0.22835307879184374 0.1978 0.0725 0.8138
12 0.09117663824285416 0.01477806803583459 0.3139895127959754 0.615121870063173 0.3195590340667507 0.3333879134225689 0.5729050184766508 0.1059278838867086 0.9498393297567614 0.2582 0.1757 0.0
13 0.09117663824285416 0.3931499089849756 0.7275630912891234 0.9553676877838192 0.4867430540178339 0.022513255896815076 0.3034349682982025 0.33217222239555566 0.3191640897614839 0.3789 0.0445 0.6653
14 0.82183381587456 0.5688695181070683 0.7400775272455812 0.5306828065601914 0.293308496064447 0.053149959578526196 0.4453776074847462 0.2013968953247276 0.0970863639798436 0.3811 0.1571 0.0
#
@{"model": "p3a", "algorithm": "nsgaii", "runtime": 3.8303029537200928, "writeAt": 1525554336.957161}
 Culture Criticality "Criticality Modifier" "Initial Known" Inter-Dependency Dynamism Size Plan "Team Size" o0_ o1_ o2_
0 0.39959560919076353 0.6760863561779596 0.17060286308622297 0.7469095327174149 0.030951390288842084 0.1772435333258876 0.2133019528079565 0.8139703347477188 0.1885271787306344 0.0615 0.0899 0.0
1 0.5680085815635574 0.46546038198953954 0.14201632023525457 0.99162396593098 0.5339239138614685 0.010908867763287589 0.7246697847569318 0.12488583244336005 0.2934381899737881 0.1714 0.0509 0.0
2 0.09794377933547738 0.713409362507042 0.2153196939412696 0.9607426517100704 0.381644781547266 0.0035802976315869595 0.7201588705943868 0.3364923738802521 0.4922689296233588 0.2986 0.0156 0.0
#
@{"model": "p3a", "algorithm": "riot", "runtime": 1.3808507919311523, "writeAt": 1525554390.761788}
 Culture Criticality "Criticality Modifier" "Initial Known" Inter-Dependency Dynamism Size Plan "Team Size" o0_ o1_ o2_
1 0.4305128571129547 0.11956769420907998 0.6035476860137574 0.3611111632326135 0.47001834094795114 0.1030885559930046 0.28805436572849574 0.5004646417804085 0.13188483971054643 0.1915 0.2628 0.397
3 0.0 0.0 0.0 0.0 0.0 0.0 0.0 0.0 0.0 0.0486 0.0219 0.641
14 0.15406502228870966 0.3316192670160961 0.281247778272655 0.74909997765484 0.348981183007008 0.7672851866661958 0.11240536480080188 0.977941843826702 0.27449020585630113 0.1256 0.6663 0.0
19 0.3619872493842212 0.3748758692119243 0.5795410119543792 0.05295019926167999 0.6933046407165754 0.4582429523469589 0.9523350713749772 0.38319716271325177 0.938740346808174 0.6203 0.4993 0.0974
#
@{"model": "p3a", "algorithm": "riot", "runtime": 1.5367937088012695, "writeAt": 1525554390.768239}
 Culture Criticality "Criticality Modifier" "Initial Known" Inter-Dependency Dynamism Size Plan "Team Size" o0_ o1_ o2_
3 0.0 0.0 0.0 0.0 0.0 0.0 0.0 0.0 0.0 0.0443 0.0091 0.7101
4 0.125 0.125 0.125 0.125 0.125 0.125 0.125 0.125 0.125 0.0676 0.2065 0.5668
#
