@{"model": "p3b", "algorithm": "nsgaii", "runtime": 1.6378452777862549, "writeAt": 1525494270.5899408}
 Culture Criticality "Criticality Modifier" "Initial Known" Inter-Dependency Dynamism Size Plan "Team Size" o0_ o1_ o2_
0 0.8464721064622228 0.06249837153020932 0.0680558658283772 0.9904975329789079 0.6519789938821188 0.9104246783920974 0.3345893375065765 0.2147359889293884 0.2670854739793028 0.0 0.5539 0.989
1 0.009618714378267668 0.026475293755869878 0.8052910061958874 0.4738447171783028 0.1258893980823259 0.32642753073365627 0.09842431510010141 0.6093042712627643 0.049868731666268484 0.003 0.0491 0.0
2 0.635483959871818 0.1708715202701766 0.8654502128479648 0.1981473294313526 0.10687598393801456 0.2162476080458492 0.06835383286175511 0.893936279354525 0.4606069746585939 0.0359 0.0378 0.3419
#
@{"model": "p3b", "algorithm": "nsgaii", "runtime": 1.7587001323699951, "writeAt": 1525494270.618901}
 Culture Criticality "Criticality Modifier" "Initial Known" Inter-Dependency Dynamism Size Plan "Team Size" o0_ o1_ o2_
0 0.3960881353881205 0.004270452317078788 0.7202516792570817 0.7271177618640631 0.6059423900673907 0.64861492464223 0.1244080976923424 0.23596026048801655 0.1101489894855211 0.0 0.5853 0.3846
1 0.8419260412839918 0.21732568978890177 0.21427218717757146 0.5017346226389718 0.9849471181552313 0.5661841179932099 0.40353141981723195 0.7704720443704817 0.48650561707634477 0.0 1.0 0.0
2 0.3019475078193773 0.0027658532605876474 0.5455025552457459 0.7957976122962935 0.11846323331676678 0.8117941380917728 0.20124301835746972 0.2914831887217926 0.9070073954439364 0.0 1.0 0.0
3 0.6432898314785227 0.10492429383152546 0.13367420778138828 0.4795565909357564 0.6852137842157758 0.6254723451925861 0.09282009496831056 0.6751022926714907 0.05408093802392966 0.0032 0.8514 0.0
4 0.11807377149501441 0.040144811163275174 0.5445937987603591 0.5995138111476065 0.7685517624371087 0.6747599481137967 0.14343733359945698 0.5301022019831526 0.08843778613467246 0.0089 0.303 0.4196
5 0.3960881353881205 0.004270452317078788 0.0667677421878099 0.8656966321292235 0.8464764350133259 0.15342346745424984 0.24971887196150477 0.08366484593798351 0.08329899685100695 0.0096 0.1693 0.0
6 0.19011991678182982 0.03748860889885486 0.15101069748551155 0.7829171043332367 0.6891874691876921 0.008752660035892035 0.02732144120092206 0.36830061240037926 0.4107013197457814 0.0264 0.0209 0.1183
7 0.8068303175464442 0.05408976680170596 0.705475005246121 0.3551041310793235 0.17798938967082178 0.29203667134023115 0.4914359871827957 0.01874882163815128 0.11773112491720406 0.0324 0.1625 0.0
8 0.2104788630935126 0.7892293881467111 0.2186038568461498 0.5628354225035499 0.6053192333239887 0.8922585966671307 0.19819832983110175 0.8829828178875334 0.47758387364708477 0.1159 0.0 0.0
#
@{"model": "p3b", "algorithm": "nsgaii", "runtime": 1.7428820133209229, "writeAt": 1525494270.6103666}
 Culture Criticality "Criticality Modifier" "Initial Known" Inter-Dependency Dynamism Size Plan "Team Size" o0_ o1_ o2_
0 0.35781300761407653 0.16193178385530427 0.6607548698859765 0.9668696016009596 0.5502872127276298 0.5651501978545503 0.3633582547269806 0.9390762017641425 0.23644994570464084 0.0 0.4608 0.2198
1 0.2688998904769231 0.14407067891718273 0.009666187032576268 0.38540233714185157 0.9123657979518368 0.7071586346349635 0.15523156649502556 0.9509137476754375 0.9495654986556118 0.0 0.5774 0.0
2 0.20437685113161097 0.003449551277165508 0.9208728293571927 0.443242887030982 0.15059688200246701 0.4443791099663261 0.4125144885527957 0.9055425957411634 0.552112180146043 0.0137 0.3232 0.3419
3 0.3463225007752233 0.061369712316114766 0.28497188981035426 0.443242887030982 0.15059688200246701 0.4443791099663261 0.4125144885527957 0.9055425957411634 0.552112180146043 0.0163 0.3185 0.0
4 0.3463225007752233 0.061369712316114766 0.28497188981035426 0.6605711614953153 0.40056488518456657 0.2708806244845219 0.048961228082307184 0.8175213252813867 0.5921192437367504 0.0213 0.1818 0.0
5 0.6351847809738286 0.052289181645291505 0.42794657914793666 0.16481200514575933 0.8318314779561641 0.01614685669955296 0.3944788054891064 0.7969125061605374 0.08775939690077106 0.0223 0.128 0.2797
6 0.1280199295891894 0.7028981946416433 0.16140564267851343 0.7477059843783495 0.8637312744793775 0.32469383690364884 0.26605699175932007 0.7841312960802587 0.6241255486226023 0.0249 0.1488 0.2198
7 0.025176070349224644 0.3366688793228789 0.6241154037699191 0.16110586158542883 0.9565478276559559 0.18939347051086275 0.474021420335738 0.3294017998657214 0.38476785983260287 0.0792 0.1255 0.5495
8 0.30473635720243475 0.28485914765586917 0.23443052613011428 0.4487783634162116 0.05961275556962442 0.007473450246682112 0.5551030953377939 0.2996500741604565 0.07957031260941583 0.1046 0.085 0.9096
9 0.768143802009449 0.14557366990053244 0.17922126046755182 0.3388192128829194 0.7888209205241 0.07587007758448272 0.8028479439114257 0.34426939422042635 0.499417105073629 0.1203 0.1674 0.0832
10 0.2862622121285491 0.28485914765586917 0.23443052613011428 0.4487783634162116 0.012178766030236376 0.007473450246682112 0.5551030953377939 0.2996500741604565 0.07957031260941583 0.1225 0.0595 0.6394
11 0.06848609003628492 0.3049495220548245 0.5149059326545625 0.644315434744359 0.7854318525748282 0.5389456872589754 0.20819030868704302 0.8994002412797476 0.850972374719161 0.1613 0.0 0.0
#
@{"model": "p3b", "algorithm": "nsgaii", "runtime": 1.7300310134887695, "writeAt": 1525494270.5664485}
 Culture Criticality "Criticality Modifier" "Initial Known" Inter-Dependency Dynamism Size Plan "Team Size" o0_ o1_ o2_
0 0.7074225309649764 0.007912000499885719 0.4605639975784328 0.012626656251481294 0.9356715673493736 0.0871138980605799 0.2277802825736447 0.7153877070963787 0.23868644978423015 0.0 0.2836 0.0
1 0.649709612820348 0.018751938124032752 0.13805629821408394 0.2898300219519091 0.6031356020448647 0.008377469245187119 0.4778184908170644 0.47427792388950774 0.6480365562111878 0.0079 0.1274 0.4858
2 0.7576325213583943 0.08441896298432783 0.5188707037665113 0.8744756441511459 0.4981335860910532 0.0871138980605799 0.2277802825736447 0.7153877070963787 0.23868644978423015 0.024 0.1353 0.3077
3 0.3410381788733249 0.05664268968540842 0.8128428861699255 0.9723121837081022 0.789595117322926 0.15674819796411887 0.14242096694529682 0.896374115914328 0.023289998589218652 0.025 0.2269 0.1399
4 0.08492603384031205 0.11861834247085146 0.4517039119581633 0.24740319401338118 0.5635091569870253 0.024152089218440143 0.18353804501552407 0.7350930556320225 0.225056234460967 0.0269 0.0207 0.0
5 0.02801684013230732 0.6359557784173651 0.5424964041399482 0.23399792277610754 0.6463324856567487 0.004154095324544471 0.1015101482440165 0.3426204093744415 0.25640179705105526 0.1876 0.008 0.0
6 0.37466464578660796 0.6076937379488527 0.7019759031829317 0.3543878353913146 0.7113435058716157 0.7529589334933056 0.08898795586499131 0.7763109472380697 0.22078481249615223 0.2805 0.0 0.0
#
@{"model": "p3b", "algorithm": "nsgaii", "runtime": 1.765397071838379, "writeAt": 1525494270.610799}
 Culture Criticality "Criticality Modifier" "Initial Known" Inter-Dependency Dynamism Size Plan "Team Size" o0_ o1_ o2_
0 0.5591398938609736 0.056130746063915105 0.24615412925794278 0.11519444647877031 0.15884952749818115 0.9474957133654953 0.09945672438840392 0.0434532387208878 0.0857452233874223 0.0 0.7116 0.7692
1 0.9010488678613228 0.24139090056660573 0.24860155750198965 0.5380940860034109 0.13429638684631784 0.6126024575695562 0.19851487020966196 0.580841301145053 0.5666933176626243 0.0084 0.2619 0.0
2 0.20722652751519577 0.027040424243078065 0.7696872342867458 0.382597525653521 0.07984582736356294 0.14356482558464356 0.38166355988523426 0.5931904863763189 0.6035721667171695 0.0415 0.1929 0.5128
3 0.6707414471479769 0.26437969754785484 0.822911217162576 0.24495775673330378 0.8065106330507746 0.025564495994248926 0.39973130111959654 0.8171969444432007 0.7966245198259825 0.1274 0.1465 0.1282
4 0.8726480574007135 0.8489765878089932 0.39405950311634674 0.9249567151033059 0.5859798360373419 0.05436869556130863 0.3756698231527166 0.07259166746633428 0.9682964268561992 0.2963 0.1632 0.0
5 0.03723449360334408 0.6222742689287278 0.9820782853337436 0.9249567151033059 0.5859798360373419 0.05436869556130863 0.3756698231527166 0.07259166746633428 0.9682964268561992 0.309 0.0576 0.0699
#
@{"model": "p3b", "algorithm": "nsgaii", "runtime": 1.7527480125427246, "writeAt": 1525494270.593982}
 Culture Criticality "Criticality Modifier" "Initial Known" Inter-Dependency Dynamism Size Plan "Team Size" o0_ o1_ o2_
0 0.044634261140893416 0.015661050641834207 0.11333718207195731 0.6788542278100375 0.4906985129678739 0.8901188618985193 0.2445611299391809 0.060391130843968854 0.26055428661037827 0.0 0.2334 0.0
1 0.9682448365074366 0.03675393426930207 0.8021591455711307 0.8800640045063652 0.590549384689741 0.024989438952779386 0.16601337456005127 0.023021121756514717 0.9782025315286097 0.0122 0.2266 0.7692
2 0.044634261140893416 0.015661050641834207 0.6934874612828662 0.6176526062657574 0.6138561992977927 0.1511671408222005 0.1328118478262552 0.2151899938552484 0.18713702454968162 0.0239 0.1943 0.7326
3 0.8302637420278618 0.05520588176106633 0.33869147952298817 0.1215631894439626 0.916959215650122 0.12494744952329417 0.46552892654449574 0.920877021839761 0.5873559532835824 0.0447 0.1488 0.1709
4 0.06584168123478606 0.23725463932934465 0.40506491932153277 0.10739921731536706 0.12577129327182346 0.1200988019628495 0.48595162666256186 0.2659647481519998 0.9672773448248143 0.0682 0.148 0.5769
5 0.2293514990368113 0.292345704851813 0.47784690397211427 0.14821186886400928 0.7452431839045802 0.10026044153016656 0.006411343805729053 0.29496194319967717 0.12293086780943452 0.0877 0.1228 0.4196
6 0.32742017622871644 0.39508642142230044 0.48308106203755286 0.3464431901199304 0.6256785769746953 0.09140182897921068 0.24931106866868846 0.051453024783840506 0.04216580916703605 0.0961 0.1165 0.5769
7 0.46793153547525346 0.4024309113317823 0.3831744255249423 0.8306443332412597 0.1641075040813823 0.041395698796387714 0.01696942397103407 0.5474212688461361 0.2355893953898407 0.1027 0.1146 0.3419
8 0.9778923317439325 0.08083315411157743 0.23520466983305588 0.2153010040537905 0.1137870533867188 0.013062944692063483 0.6429213001406956 0.945931910860082 0.7283822501334968 0.1109 0.1346 0.3022
9 0.8009379819762547 0.30986938140439446 0.2848508017888115 0.6642573253171533 0.8926254343681944 0.03521969883757248 0.9719647966744894 0.9957117542946192 0.5839660577570256 0.1289 0.1458 0.0
10 0.2277694251507807 0.5945282998185736 0.22002101410840702 0.9521498531805566 0.08704620085462533 0.012541112883879602 0.7203621729220588 0.25248665869424813 0.02111182559979141 0.2318 0.032 0.1578
11 0.9068005022442803 0.8830651593314787 0.3704905929771517 0.050637229082811874 0.340849606383955 0.7692043857351306 0.21859162188738712 0.3214270641687871 0.6207974668589453 0.4805 0.0 0.0
#
@{"model": "p3b", "algorithm": "nsgaii", "runtime": 1.691570520401001, "writeAt": 1525494270.5664346}
 Culture Criticality "Criticality Modifier" "Initial Known" Inter-Dependency Dynamism Size Plan "Team Size" o0_ o1_ o2_
0 0.45412481591460296 0.020813213308087608 0.7843713129987485 0.03095596059290917 0.0007770173830160543 0.7781699395337441 0.4785915484229567 0.4487314890770968 0.3873362411075735 0.0 0.6417 0.2051
1 0.7301341909150169 0.12692750826200005 0.01392797071847729 0.45404835974857805 0.6913181811851448 0.9168639399340909 0.006570154162143016 0.2527112895459468 0.05319321217605455 0.0007 0.5554 0.7692
2 0.41096887256810344 0.28114982889911266 0.3795772678598648 0.6526082537008879 0.7719236473581294 0.7101093843574119 0.035017563272147334 0.2854500237197526 0.3958441604562908 0.0047 0.5094 0.0
3 0.14263597716741472 0.01743042865696076 0.6103992883487027 0.3265344320882353 0.6354629422912362 0.23345708948096422 0.062178694990549066 0.32235126347900056 0.7099660111568366 0.0288 0.2911 0.8205
4 0.1697806824485324 0.02776567699154997 0.11568606179905006 0.8785034901510613 0.7572865885545838 0.7624155152466346 0.13492351958591808 0.5407863957282365 0.9898272315792402 0.031 0.2515 0.0
5 0.8440860766909217 0.014238921701090979 0.5767195689450961 0.13954920382462432 0.382016327417424 0.09042921028257422 0.1662913442541697 0.6378928457831973 0.9385566039854868 0.0417 0.2188 0.3846
6 0.9409605308905947 0.15354514823972376 0.1828824588354393 0.3341686526633708 0.4633637611181146 0.4153300508699195 0.025872528437419384 0.8584750786688874 0.032199382395470155 0.0458 0.1601 0.2564
7 0.04931464948390374 0.15922713827642954 0.7268792301078504 0.6977333422033414 0.3882461192239074 0.02328317107996125 0.3289125788663453 0.85862739278145 0.7233615564657503 0.0579 0.025 0.2051
8 0.04931464948390374 0.15922713827642954 0.7268792301078504 0.6977333422033414 0.3882461192239074 0.02328317107996125 0.3289125788663453 0.85862739278145 0.014294138748416674 0.0806 0.0227 0.641
9 0.7950273405380299 0.5698662008420295 0.5681450525482192 0.16532718678211178 0.33122833801556995 0.02285017612038376 0.2660174468097457 0.23691562376677522 0.2565289420653003 0.1849 0.1329 0.0
10 0.030341785691026635 0.3102490025691791 0.20486038677417806 0.6960135605000642 0.9209534920364897 0.11707042626183983 0.9065561428983425 0.9172910647391228 0.9045716376738611 0.226 0.0661 0.0
#
@{"model": "p3b", "algorithm": "nsgaii", "runtime": 1.7602086067199707, "writeAt": 1525494270.6294866}
 Culture Criticality "Criticality Modifier" "Initial Known" Inter-Dependency Dynamism Size Plan "Team Size" o0_ o1_ o2_
0 0.6025098524050198 0.05692613354165377 0.14629877253628654 0.43689120863436737 0.9894247257685651 0.7865408868901789 0.036987177219766854 0.21056472235942614 0.9204190860583485 0.0 0.786 0.0
1 0.5629496842755672 0.10254258898241486 0.4252413506303445 0.7641179685148269 0.3376836634747882 0.5951005905019789 0.43618686134417817 0.6405189287449451 0.10324412830666052 0.0013 0.4099 0.1709
2 0.8426478080123769 0.025856670533330184 0.12764200885010635 0.32308145939530564 0.9011878846465537 0.859358496229461 0.18697768560300254 0.7204135517190939 0.9716167728967824 0.0172 0.7393 0.1538
3 0.7825769949964982 0.030263427895196426 0.10841054246303794 0.8209525060668945 0.014773848269228118 0.972839812640271 0.08275478191732111 0.8911288505796329 0.07954072994068961 0.0282 0.3206 0.7692
4 0.194263130789316 0.1425332843856102 0.8660076509686662 0.12616119291539385 0.5809310272460101 0.23506933857899837 0.07192648131264057 0.10095900883028763 0.4599420172819014 0.0355 0.3756 0.5769
5 0.5629496842755672 0.016003590649818822 0.6689085704309692 0.2077649998742609 0.9844575204645785 0.030666197274773266 0.6405335687246251 0.21846964014061732 0.038241698376974 0.0393 0.183 0.7964
6 0.48229312746120123 0.17046539541613692 0.83730166298488 0.022534701810936753 0.0791909560105365 0.1332275456459393 0.4439758818533702 0.6259950960963406 0.3849570370502625 0.0407 0.2986 0.1923
7 0.45156951328502304 0.006968698913497828 0.8818847996678266 0.4414180115588038 0.6657744519280815 0.9566570172916721 0.6482808967763438 0.34738078977258835 0.11362887500354468 0.0422 0.7523 0.0
8 0.3724126319704606 0.016003590649818822 0.6689085704309692 0.2077649998742609 0.9844575204645785 0.030666197274773266 0.6405335687246251 0.21846964014061732 0.038241698376974 0.0525 0.0628 0.1231
9 0.274661973312214 0.17553222843393745 0.06921202001168658 0.5982402704493537 0.0747053489049131 0.47344879088247727 0.18086510276375511 0.4566638563929225 0.36681232287317544 0.0716 0.2902 0.0
10 0.17196176330954882 0.25866604271290106 0.8825617794192228 0.1416125598811545 0.4054636044672987 0.3761415164268549 0.35787187537097664 0.313297652082298 0.5944642331562255 0.0854 0.1915 0.0
11 0.1581067527764527 0.06873151707894298 0.8949385814721974 0.7577278464049303 0.7408954074601608 0.19792526168776226 0.5524734761101181 0.6167800841314895 0.4812724730306831 0.1029 0.1269 0.0
12 0.012840122757824868 0.9721920007276051 0.021008142580791533 0.16803779205068803 0.7636163672245743 0.01427586470551423 0.5221569811486476 0.5221855320195896 0.1556494386992685 0.7183 0.0371 0.7389
13 0.012840122757824868 0.9721920007276051 0.021008142580791533 0.16803779205068803 0.7636163672245743 0.01427586470551423 0.6435112674593744 0.6838937609151587 0.3193223972913771 0.8353 0.0276 0.7692
#
@{"model": "p3b", "algorithm": "nsgaii", "runtime": 1.8279106616973877, "writeAt": 1525494270.6569986}
 Culture Criticality "Criticality Modifier" "Initial Known" Inter-Dependency Dynamism Size Plan "Team Size" o0_ o1_ o2_
0 0.6458131405341617 0.1272200489849652 0.7042760951151711 0.4240429141667682 0.7491828867491056 0.2835543408550474 0.31389089737091 0.9183930667301631 0.7107343800076085 0.0 0.1951 0.3077
1 0.3804854336037733 0.131312354900866 0.49687277033424404 0.6548547171745029 0.7885093129507771 0.725636903527269 0.4372877396165712 0.9336016873892072 0.2665831372992693 0.0 0.561 0.0
2 0.2795230636452761 0.04417678382704304 0.3846947780356488 0.9565157172711984 0.45452535463195765 0.11098847617294083 0.08494639023110773 0.7268628338099861 0.3720960905624835 0.0261 0.1693 0.0
3 0.15107058442919885 0.014851965381927679 0.1271603790191317 0.559742624261439 0.6851959190499296 0.020252266471086355 0.7618054464327503 0.9794008498432752 0.3803416075468481 0.0427 0.0217 0.0
#
@{"model": "p3b", "algorithm": "nsgaii", "runtime": 1.8467938899993896, "writeAt": 1525494270.698516}
 Culture Criticality "Criticality Modifier" "Initial Known" Inter-Dependency Dynamism Size Plan "Team Size" o0_ o1_ o2_
0 0.019039907872637207 0.055696684567017596 0.8055100206469414 0.4721924692439923 0.7476753524437527 0.5417975626465411 0.07087983324453317 0.7991506229600212 0.04011867111217038 0.0 0.1846 0.0
1 0.10949304551403538 0.0217201877385772 0.06777736272516344 0.07620281928687034 0.8676185701895183 0.2581819508350828 0.043334262677721336 0.6358542028552268 0.3543487176105392 0.0221 0.1563 0.2051
2 0.5997568174194182 0.20647865648943486 0.07848803491424616 0.9280518526712218 0.9191868631869595 0.037260146114899806 0.022122702053825494 0.9732297981655945 0.033051839890678614 0.0287 0.1322 0.5495
3 0.019039907872637207 0.055696684567017596 0.8055100206469414 0.4721924692439923 0.8075196867917177 0.0335094088657214 0.7991134729893575 0.24095029212952424 0.7014896223733909 0.1185 0.0431 0.8791
4 0.1534944011726167 0.09183529627064912 0.6450158536142557 0.18410255449027824 0.8075196867917177 0.0335094088657214 0.7991134729893575 0.24095029212952424 0.7014896223733909 0.1229 0.0637 0.4872
5 0.28998292447127705 0.319031032223449 0.25709541587579665 0.9156584039105191 0.5664120578650494 0.13770436751120374 0.965678116867756 0.35335705832907927 0.7618408089909764 0.2112 0.1337 0.0
6 0.8916066140692982 0.5696156211873866 0.22645562438376632 0.9816660723547274 0.4282169570708608 0.006123916424214726 0.385616530654334 0.08907802899479922 0.8945717704461191 0.2921 0.1146 0.4103
7 0.8519149266525445 0.646389249071542 0.682917956015672 0.8041698076437036 0.06181607390795896 0.037260146114899806 0.022122702053825494 0.9732297981655945 0.033051839890678614 0.3305 0.1173 0.0
8 0.1412428858097462 0.5726696289703961 0.43869736455925656 0.6697110860661335 0.038108582619487574 0.07046426092168978 0.9469038000105713 0.506880506064238 0.204853167574643 0.3893 0.1068 0.2946
9 0.8025564701817258 0.7120805350483114 0.7169176028599457 0.4438489883579243 0.13652089443370963 0.9218111322916588 0.2668344378574331 0.637603739768861 0.6723968512668114 0.4449 0.0 0.0
#
@{"model": "p3b", "algorithm": "nsgaii", "runtime": 1.810605764389038, "writeAt": 1525494270.7130373}
 Culture Criticality "Criticality Modifier" "Initial Known" Inter-Dependency Dynamism Size Plan "Team Size" o0_ o1_ o2_
0 0.7568884985795845 0.07149160606441984 0.014607544559932961 0.6558792736236013 0.34324278064863667 0.0798756950131051 0.035854364329699684 0.5360781190935211 0.14721155292234267 0.0 0.2191 0.9231
1 0.8056033757658395 0.008417881235924352 0.458581085542055 0.3025901728725158 0.38284412248437083 0.5351149359312257 0.04366133459481847 0.48635696951582263 0.7126048717566693 0.0 0.7083 0.7287
2 0.5911491770159392 0.013695885160435628 0.5410323016233367 0.8383264618798446 0.8238550378592497 0.06170574051493083 0.044619593702792004 0.9103763200228138 0.3646029599952457 0.0067 0.2776 0.0
3 0.18358771514430383 0.14237274388332932 0.4340515599652701 0.23735099745890387 0.39765181774913316 0.41512714787258786 0.4496435947606815 0.5574705788169437 0.7599103297167441 0.0192 0.257 0.0
4 0.1264013903899509 0.10118163198675767 0.1583624488254013 0.9505443973249705 0.5541846399878447 0.16034073102589563 0.3200119010383049 0.6104297889097707 0.4443378807475198 0.0524 0.1409 0.1538
5 0.3929373162973273 0.08939905390554725 0.12363362381208687 0.4064934337278653 0.1922587526190246 0.028460293923857183 0.9597898077840142 0.7369568208469611 0.145072033241455 0.0644 0.0877 0.0405
6 0.6180181739092326 0.026206145779101075 0.565203672512392 0.2717301400311385 0.5693860292860462 0.12333751896240486 0.9721754849612194 0.8878216131879809 0.3027718639954007 0.0716 0.207 0.0342
7 0.02238124707610767 0.09584880600083101 0.7699132529370438 0.09349331835616936 0.04799889969181448 0.3329820118547344 0.8214208067795926 0.38677697688948653 0.2177765757214648 0.0763 0.1462 0.0
8 0.03942927741194635 0.4706201392510515 0.3743865570348902 0.701834296646713 0.7658005728387931 0.36154761665407986 0.10056078290418202 0.8455285768573768 0.8907645448415203 0.1246 0.1212 0.0
9 0.8994652673893619 0.7622298031933681 0.7415803495210451 0.6921745013759358 0.45894379553411646 0.022773150701008604 0.3758310360263821 0.7704176896406935 0.1818959689460664 0.3596 0.0887 0.0
10 0.5850886854483014 0.8633197483609847 0.22379468277509584 0.800444514243583 0.39249218871236846 0.0014948057301248374 0.17217110116179413 0.27349648767119816 0.6059248783007605 0.437 0.0812 0.905
11 0.0013623669671116723 0.8242092902327891 0.29141609362674703 0.6708749664393916 0.430365579088542 0.20036908566141876 0.042855375186585665 0.6273805508828582 0.3876422459076163 0.4972 0.0378 0.0
#
@{"model": "p3b", "algorithm": "nsgaii", "runtime": 1.8007698059082031, "writeAt": 1525494270.7186372}
 Culture Criticality "Criticality Modifier" "Initial Known" Inter-Dependency Dynamism Size Plan "Team Size" o0_ o1_ o2_
0 0.10498147802856872 0.012514370220885307 0.4989267056087976 0.977832713169658 0.06762605869803096 0.6727380435562054 0.024720181087831472 0.3857463235764558 0.899493737072704 0.0 0.4725 0.0
1 0.9775597759502337 0.06650238294769328 0.4288785332179703 0.4911121719071331 0.023281976709635832 0.45277856685081475 0.18593778467118982 0.6817492984384995 0.02881540307996877 0.0138 0.4654 0.0
2 0.26092811726807474 0.041222151460054035 0.5883504824309882 0.5763542638221244 0.07712034450208083 0.30685148071418555 0.08664696032659647 0.293713732491107 0.8397731693145521 0.018 0.0643 0.0
#
@{"model": "p3b", "algorithm": "nsgaii", "runtime": 1.8104820251464844, "writeAt": 1525494270.726728}
 Culture Criticality "Criticality Modifier" "Initial Known" Inter-Dependency Dynamism Size Plan "Team Size" o0_ o1_ o2_
0 0.49738843104172903 0.019987565651796713 0.5139027134748483 0.9606987181721148 0.16208497640688757 0.9326340980525685 0.19377025881818555 0.16330457990019498 0.9052040127282711 0.0 0.6978 0.0
1 0.33756771424522536 0.06869880029760378 0.7404534211421263 0.9677730298590402 0.1046526830111637 0.34539423025972904 0.08355519458748017 0.1465251176870478 0.15555228060210358 0.0142 0.4955 0.3077
2 0.14294181380009885 0.017483289119487044 0.49085615132407023 0.42398967089685535 0.331757913653861 0.06580905036174067 0.4118940617102884 0.9344001354166809 0.6106659956054973 0.0143 0.1859 0.4525
3 0.11491981674790819 0.12335315890011989 0.9563013088136139 0.4943259674850512 0.643691790799964 0.15679271184228805 0.09849112671298677 0.9267520632587025 0.8565792399799428 0.0547 0.1476 0.3846
4 0.214222833095012 0.09753014883077415 0.3638216151838275 0.2040858829840495 0.5811704732528994 0.7624201461666861 0.7190710444355661 0.18753772870241825 0.16872388314626818 0.0569 0.3993 0.0
5 0.9804871739350939 0.39216718561154285 0.3951210693232069 0.15576245948021894 0.4613328186727219 0.11389406230963639 0.3545146617569518 0.08530299990260892 0.4939282925236572 0.1592 0.3974 0.0905
6 0.18899173170928796 0.3961821673288827 0.5190167015890573 0.28919742894027956 0.07037997487334513 0.548532893869135 0.02155886497241366 0.3417206437759379 0.8182446072914075 0.1632 0.3681 0.3077
7 0.35300695040998853 0.17995342988578855 0.6418436120224094 0.3602925278672122 0.5268509239060756 0.5825837444021141 0.5145348446981978 0.8929549096229742 0.9830440392119741 0.1903 0.3391 0.0
8 0.7242471873832774 0.6861640210174406 0.411803678850304 0.23311190419524053 0.24024289179237723 0.057855145048867906 0.3777329203428732 0.9369115685912182 0.23238592607994113 0.2211 0.1588 0.0
9 0.11491981674790819 0.7219417448633588 0.7999213115081552 0.8736783864151184 0.616697078519675 0.23257933476774084 0.05852861194146086 0.3569235336806269 0.372971827142916 0.3044 0.0893 0.0
10 0.11491981674790819 0.7219417448633588 0.7999213115081552 0.23311190419524053 0.24024289179237723 0.057855145048867906 0.3777329203428732 0.9369115685912182 0.23238592607994113 0.3548 0.051 0.0
#
@{"model": "p3b", "algorithm": "nsgaii", "runtime": 1.770745038986206, "writeAt": 1525494270.724743}
 Culture Criticality "Criticality Modifier" "Initial Known" Inter-Dependency Dynamism Size Plan "Team Size" o0_ o1_ o2_
0 0.7117245125842534 0.052181759986984044 0.5575723693823276 0.5884297176633598 0.7142897839786395 0.5000383195845414 0.01570555179168287 0.7308117817809494 0.19229413250633853 0.0 0.5892 0.362
1 0.7728526488823203 0.052181759986984044 0.5575723693823276 0.5884297176633598 0.2610615081462835 0.575791605424361 0.3847397188611599 0.12683390374382153 0.32043887530908133 0.0083 0.7059 0.0
2 0.4651950437635375 0.28235662181928634 0.47533642062124604 0.9332851645271402 0.036825255052437944 0.6380609887116256 0.30614241687052923 0.8149788957590608 0.6811314618374664 0.0201 0.5349 0.0
3 0.6741401772630482 0.07399456325362797 0.5402454073600572 0.7619202574050499 0.4037548248042414 0.023886394093714736 0.26159216905558114 0.2738084894354861 0.174614438711017 0.0216 0.1934 0.7692
4 0.2469818875071399 0.17838073335138327 0.6065833286527593 0.241598646227138 0.9612455801881625 0.7010357927162788 0.043649059837543525 0.11988442354896633 0.7044524435483829 0.0265 0.4191 0.5495
5 0.6741401772630482 0.07399456325362797 0.5402454073600572 0.7619202574050499 0.4037548248042414 0.023886394093714736 0.299581939418023 0.8875804486584011 0.06032020374174918 0.0421 0.1004 0.9615
6 0.4271747629329923 0.4956511276621769 0.012916862316915134 0.9770139194264591 0.3938639740916241 0.9559962390520526 0.09281527833724112 0.7238307621770756 0.06576820932058991 0.0496 0.4048 0.3846
7 0.008081552904863565 0.18809018957607238 0.917329381364145 0.21464238136289904 0.5949667731484257 0.19829494793714386 0.06071940740608128 0.5701164877331465 0.7216267035487024 0.0599 0.1727 0.3692
8 0.057789248439412355 0.10842911902625008 0.37101194482791433 0.2810105752037735 0.3530028108449721 0.46405137835541843 0.17951708917834985 0.5009690093680381 0.48977637680883745 0.0644 0.1981 0.0
9 0.016361313971156255 0.00775889488438386 0.8994051072413154 0.35736382709082937 0.5100394255870486 0.14845862937491605 0.6700279587671252 0.40058397466794593 0.8116132106684648 0.0913 0.1011 0.5211
10 0.4494273748206219 0.10264709741788525 0.44231688292137383 0.23786118840199477 0.10733752119420403 0.061994966554320685 0.783410462989535 0.8725470931446426 0.8429402620600477 0.0927 0.1862 0.0
11 0.7117245125842534 0.052181759986984044 0.5575723693823276 0.5884297176633598 0.2610615081462835 0.04206625532306196 0.6578094493906524 0.32018590027074745 0.34907736706561965 0.1061 0.1421 0.3205
12 0.06092659810894785 0.27484627749381074 0.5941697092395484 0.03117192938356228 0.254404433409017 0.25823218512119017 0.09931574214359895 0.44915590295588725 0.9964849399604017 0.1107 0.0583 0.1923
13 0.4821552544458474 0.19327414837035328 0.04234873731841393 0.003147988767338683 0.3104986277398316 0.04197552731540233 0.9203217167836305 0.08764725510529825 0.6302958246265401 0.1525 0.0914 0.1465
14 0.01449591143112905 0.5918428971783707 0.5402454073600572 0.7619202574050499 0.4037548248042414 0.023886394093714736 0.299581939418023 0.9080893652726594 0.9938521716832951 0.1889 0.0489 0.5128
15 0.01449591143112905 0.5918428971783707 0.5402454073600572 0.7619202574050499 0.4037548248042414 0.023886394093714736 0.3134978696031534 0.8875804486584011 0.06032020374174918 0.2015 0.0232 0.5769
16 0.8769641257056786 0.32544532908289214 0.6993939413655799 0.6638985324127137 0.22704240632538963 0.04206625532306196 0.6578094493906524 0.32018590027074745 0.34907736706561965 0.2399 0.1579 0.0531
17 0.01344512842181933 0.6369992934461113 0.592696828404088 0.18080720855441734 0.5704171756683141 0.05088632341072907 0.0065787719184595694 0.8910781365865676 0.7980808909996105 0.2443 0.0389 0.3297
18 0.01449591143112905 0.5918428971783707 0.5402454073600572 0.7619202574050499 0.4037548248042414 0.023886394093714736 0.299581939418023 0.8875804486584011 0.06032020374174918 0.2469 0.0214 0.0
19 0.06326916904991498 0.9635176913929882 0.6982878105477607 0.4052104166876467 0.9979781434716678 0.1970508036241274 0.299581939418023 0.8875804486584011 0.06032020374174918 0.4888 0.0047 0.0
#
@{"model": "p3b", "algorithm": "nsgaii", "runtime": 1.7809381484985352, "writeAt": 1525494270.734129}
 Culture Criticality "Criticality Modifier" "Initial Known" Inter-Dependency Dynamism Size Plan "Team Size" o0_ o1_ o2_
0 0.630345185121861 0.02591310337067876 0.39763886980065155 0.4221204839149284 0.6980926551939597 0.9532165642487537 0.3924391433470614 0.812634849566096 0.012665043566189471 0.0 0.6097 0.7101
1 0.630345185121861 0.02591310337067876 0.39763886980065155 0.4221204839149284 0.6116965918453022 0.666152900504347 0.09246749390686493 0.21193441965389048 0.4753599989488483 0.0 0.8361 0.0
2 0.5682758525483587 0.037901853345232106 0.8867072954401714 0.3559849220831163 0.8778409538747195 0.602370383938235 0.23555819955413004 0.28945189380019687 0.7863937133335487 0.0291 0.703 0.5128
3 0.959507746567173 0.14724256094501453 0.09314025070695298 0.6391327136481384 0.566235973769875 0.948995954856427 0.16969212457857907 0.42568574988507923 0.576900508174728 0.0382 0.7664 0.0
4 0.17449600086617945 0.17618822205264073 0.6229383895203514 0.6172483916739024 0.45717995962559943 0.12967305540691565 0.1511603271555787 0.7368674361936463 0.33353330183809426 0.055 0.2105 0.5128
5 0.5373798274365543 0.23921039066154104 0.2391903419224728 0.6492874587841364 0.2588546178770955 0.9427100931026541 0.3271459016842906 0.7436024164409337 0.014399930574447772 0.0612 0.602 0.2198
6 0.42627543671546275 0.02363244195539005 0.180276921217298 0.8630260552067428 0.5378760354665638 0.42749088118155343 0.722358675119271 0.3821620982144417 0.2955889970839176 0.0647 0.5249 0.3273
7 0.7653393473683159 0.15278156827494016 0.3893667765199398 0.683340047104836 0.5240155905750492 0.6122166845472977 0.20915095627732017 0.850117489019164 0.8330554506042073 0.0691 0.6798 0.0
8 0.5363255049838056 0.12341143871326887 0.7799580916676204 0.08932604372185238 0.6625035948289272 0.2835125125438608 0.3370186076868431 0.12585774133335348 0.4669004039318396 0.0741 0.3889 0.0
9 0.3575448015389737 0.13816665053464416 0.1593258430802642 0.41790291969847004 0.7004400815590595 0.12968422400370183 0.8688520965758153 0.32648266805800785 0.3173885653413332 0.0936 0.2326 0.0
10 0.3579721124917302 0.6751767681428171 0.3276012315972864 0.06947187845875669 0.11951520525789727 0.10809985319992554 0.1908671652015087 0.1423153614071423 0.16514644862512373 0.1847 0.2195 0.0
11 0.39279267425788533 0.580468885002424 0.5174762442394253 0.8819632431482347 0.5147438506183605 0.02508107658269587 0.4234515092549672 0.9867624208678731 0.5025454549475024 0.2502 0.1562 0.9717
12 0.22713437276731108 0.6751767681428171 0.3276012315972864 0.06947187845875669 0.11951520525789727 0.10809985319992554 0.1908671652015087 0.1423153614071423 0.16514644862512373 0.2783 0.1628 0.0
13 0.035296397168601334 0.6983257861895967 0.6292817522324883 0.23536480886511202 0.03866430111832764 0.2593802592914425 0.3843908634110371 0.46302911930178614 0.20879776338106215 0.2983 0.1193 0.543
14 0.045950600208772396 0.43723310754439193 0.9947499523000414 0.42462743087217825 0.29185343509411144 0.4272577609606969 0.7842149086929413 0.8967155570443848 0.20676521740266263 0.3394 0.1265 0.057
15 0.07913384494504827 0.5335752891421105 0.7464816539469014 0.11690968832342663 0.3135804988927766 0.05566062873755717 0.7053917375244431 0.7706781561208405 0.8562397747664204 0.4123 0.0714 0.3578
16 0.9159329141462488 0.6980336841626196 0.0641568748900272 0.881220566017641 0.8282245705208146 0.495379074488856 0.144205917932676 0.9200455549793463 0.8225993180417166 0.4915 0.0673 0.0
17 0.32034703841234746 0.8218233938492515 0.8964632628810848 0.9458042621865372 0.5817964041693049 0.021311777638532314 0.6072160240154678 0.3827286483005622 0.09934681161121961 0.7223 0.0493 0.0
#
@{"model": "p3b", "algorithm": "nsgaii", "runtime": 1.80415678024292, "writeAt": 1525494270.743373}
 Culture Criticality "Criticality Modifier" "Initial Known" Inter-Dependency Dynamism Size Plan "Team Size" o0_ o1_ o2_
0 0.9498788838037792 0.01662987327196208 0.8290955525114346 0.03240048147482777 0.08478054414422687 0.3518990269241189 0.3105635145967697 0.9482623875432198 0.5539140752625241 0.0 0.5814 0.7692
1 0.5924863743695907 0.1743015844919461 0.7481743478484785 0.7824545430910126 0.743589100144065 0.3876888888652783 0.10488218122218484 0.08131149133865367 0.0996142226212321 0.0146 0.4686 0.641
2 0.5069721684247661 0.0004622407596002187 0.5550667034897337 0.2823307485974754 0.44958418726422733 0.1719672646190652 0.2807353463994582 0.22844430965541795 0.008305798087641092 0.0183 0.3248 0.3077
3 0.5069721684247661 0.0004622407596002187 0.5550667034897337 0.2823307485974754 0.44958418726422733 0.1719672646190652 0.22504108890169772 0.29379148919388487 0.0824124008768713 0.0214 0.3041 0.7692
4 0.2885262671801312 0.029103165154958366 0.40335129914234513 0.40776887414956264 0.1628754011535376 0.2637924632242442 0.4707399362226167 0.28818529544364035 0.8609701070187762 0.0285 0.3016 0.2797
5 0.41450775889566316 0.003676596860173742 0.25599963026211525 0.3419421848857864 0.6790408495022429 0.7212545121570257 0.39955635228867215 0.5531264256304543 0.8455038191645906 0.0312 0.7599 0.1026
6 0.234116946918278 0.029103165154958366 0.40335129914234513 0.40776887414956264 0.1628754011535376 0.2637924632242442 0.4707399362226167 0.28818529544364035 0.8609701070187762 0.0442 0.2912 0.8858
7 0.9151191989616875 0.0966893830588188 0.25994011578525444 0.4585015793923167 0.9976077764167083 0.875046448233795 0.1573988775044236 0.8929709869208261 0.5397985851980258 0.0494 0.7024 0.0
8 0.10912844056801518 0.37456606474648424 0.03376698695354097 0.9086114261029 0.47545885066163596 0.17370772825571545 0.44255549506420666 0.7210359293353076 0.1773055074886143 0.0527 0.0923 0.5128
9 0.5924863743695907 0.1743015844919461 0.7481743478484785 0.7398938647665265 0.6504257544046516 0.2606704260706916 0.3308261981211136 0.010452522244451923 0.995738717421013 0.0611 0.311 0.0
10 0.348782307798701 0.04194085284207971 0.44097642391215264 0.3250163281301053 0.7404452790555847 0.09714739968763275 0.5094704677075286 0.46461733717932496 0.2344272619191663 0.0649 0.2506 0.2504
11 0.348782307798701 0.04194085284207971 0.44097642391215264 0.3250163281301053 0.7404452790555847 0.06104316257385212 0.9469014642366489 0.9575643005097533 0.7245895231407598 0.0695 0.1725 0.4634
12 0.6621315382695828 0.4317322932000005 0.34743876269494756 0.5618724227628469 0.852240980555478 0.09696153906710836 0.4870490396120263 0.4235966584703238 0.3851063064548125 0.099 0.2195 0.4396
13 0.04804562700394932 0.22000769009857268 0.6005803494741226 0.9661376394729114 0.45217908551220487 0.09714739968763275 0.5094704677075286 0.46461733717932496 0.2344272619191663 0.1315 0.0642 0.0
14 0.04804562700394932 0.22000769009857268 0.6005803494741226 0.9661376394729114 0.45217908551220487 0.06104316257385212 0.9469014642366489 0.9575643005097533 0.7245895231407598 0.149 0.0246 0.0
15 0.008214918863918674 0.6962209435302008 0.40083393170141546 0.932782000264912 0.09149959706882793 0.02610239883740806 0.7666752198297584 0.39019270174360987 0.36294671084063157 0.5931 0.0216 0.2137
#
@{"model": "p3b", "algorithm": "nsgaii", "runtime": 1.8988423347473145, "writeAt": 1525494270.7581935}
 Culture Criticality "Criticality Modifier" "Initial Known" Inter-Dependency Dynamism Size Plan "Team Size" o0_ o1_ o2_
0 0.6379239961684152 0.03306672392073706 0.5522148549251998 0.16278622964990097 0.7923114030979213 0.8384517491746556 0.19073767981216072 0.8534614955337252 0.5331971931464919 0.0 0.6544 0.0
1 0.0984076256706583 0.04001463452478593 0.1510669892855373 0.6370542181217722 0.2349570114698396 0.8014140652842328 0.4418022634830049 0.2205701771623656 0.8943597362484819 0.0056 0.3843 0.4274
2 0.2398919946610295 0.03840242999342636 0.07173753177559916 0.8626453591647096 0.8492405609765866 0.9075403956262357 0.44177140042816 0.5838679639266822 0.76279655316721 0.0371 0.609 0.0
3 0.2475774227755223 0.12018088193769239 0.9767322394116452 0.7832832424052006 0.9532426118508049 0.34414647403637955 0.09590385692276349 0.6546785010889996 0.8934955744741123 0.0503 0.3996 0.3846
4 0.0984076256706583 0.046321789247477874 0.15987332424499034 0.16686702431218203 0.10534826341498127 0.7828878468834366 0.6754023215156706 0.6574198799703093 0.40943602006733926 0.051 0.495 0.2071
5 0.8078055581905923 0.36866529776756474 0.2945852779648278 0.5399992657373093 0.969594006803197 0.2740873312187382 0.01750965231686341 0.8099336697721257 0.0855280890988881 0.0791 0.3478 0.355
6 0.8250467838081476 0.30909930325524615 0.5151206645519112 0.6215459300088566 0.23370225862057115 0.19611568280290237 0.09602625421473077 0.3182438556605063 0.5653152326484686 0.0856 0.551 0.0
7 0.30098736837406104 0.35011583070142627 0.054617894314193505 0.4560001975114618 0.4768339036847842 0.4620078323937018 0.020647715204862527 0.6339503382554359 0.05292093538557863 0.0884 0.2086 0.9231
8 0.8384683818702593 0.3205799408410228 0.5073834213941456 0.671296116725855 0.6353231586368837 0.9888360655077403 0.1456110475441088 0.02960232943452712 0.29326171395416734 0.091 0.1044 0.0
9 0.10398562406028089 0.06610120313465373 0.7168369252561481 0.3036827322376069 0.09251979111984432 0.10660848036032744 0.554522046206442 0.8716790193234086 0.8755205755433076 0.0982 0.062 0.0394
10 0.10398562406028089 0.06610120313465373 0.7168369252561481 0.3036827322376069 0.09251979111984432 0.10660848036032744 0.9445863631449942 0.6359990410524441 0.7892511252122684 0.1157 0.0813 0.0
11 0.0981565498255047 0.738578465028936 0.06583776185833734 0.6200682192834178 0.5979950377063815 0.06970387741052786 0.3772800313090082 0.07179662120087282 0.05509017207220279 0.2976 0.0272 1.0
#
@{"model": "p3b", "algorithm": "nsgaii", "runtime": 1.8499114513397217, "writeAt": 1525494270.7632813}
 Culture Criticality "Criticality Modifier" "Initial Known" Inter-Dependency Dynamism Size Plan "Team Size" o0_ o1_ o2_
0 0.6455692346735591 0.040565911782457054 0.09704717943938557 0.2998104414917694 0.6995118754808992 0.6347829704363844 0.04578774146957065 0.8196783019922351 0.2795154129463865 0.0 0.5255 0.8462
1 0.1434935924112739 0.09087899485599082 0.5881858387856733 0.7523778265529378 0.9441518958343149 0.5274199021103381 0.08220569646183029 0.8707871575277051 0.941369147139627 0.017 0.4489 0.9717
2 0.5485571637164569 0.21777706004171926 0.6129723047828908 0.9016018318481864 0.5460119802133304 0.8490439062278707 0.0811311314191615 0.03390592616998811 0.4445423844437827 0.0195 0.6415 0.6154
3 0.8549647242266785 0.09184097980517081 0.5881858387856733 0.7523778265529378 0.9441518958343149 0.5274199021103381 0.08220569646183029 0.8707871575277051 0.941369147139627 0.0287 0.6163 0.0
4 0.3274439741762213 0.21838334655243086 0.6129984603717561 0.5120792369166784 0.7542060161206794 0.29417806237783706 0.17572643321392079 0.3352692978946329 0.29537576501618834 0.0308 0.4173 0.5917
5 0.1434935924112739 0.09087899485599082 0.6776231455763305 0.1828126196810661 0.26881891277112946 0.6615314093772607 0.3056804963974449 0.7928993189604612 0.04311368308334973 0.0311 0.2601 0.7101
6 0.13883219054395002 0.26566616177918856 0.49655922258073315 0.8056898260497657 0.29731224792266187 0.897996806463164 0.12502340285564495 0.5776952064951296 0.4485660159077002 0.0371 0.4557 0.0
7 0.5141595498978424 0.16981762498612596 0.1697565508786295 0.8791360156184269 0.5422252743656156 0.13220447206435826 0.3729867498032906 0.634012934678435 0.03420335465748836 0.0385 0.3918 0.6154
8 0.6698389894591722 0.08051996558953212 0.8420752862023053 0.027640980271382065 0.005699992122169428 0.45244849158011324 0.1589001241996678 0.879827371455272 0.0197313525505296 0.0453 0.094 0.4615
9 0.09407533978267701 0.21801740358651966 0.6906708488471412 0.66128790867782 0.8302103500759686 0.6321337117665797 0.010653330758250368 0.980848477488681 0.15651784624159493 0.0491 0.4457 0.362
10 0.36909871317646004 0.36508827297231183 0.44615664084535545 0.8878642979464213 0.40241894675108736 0.16726942301690884 0.005079156734105306 0.927546537305838 0.10973871380269928 0.0802 0.0499 0.0
11 0.0819542745051759 0.4375103650772586 0.13253935782250226 0.7326574987015296 0.786564537272487 0.013676275517428227 0.8158495847218983 0.7824924461107091 0.574865873575683 0.3092 0.0454 0.5207
#
@{"model": "p3b", "algorithm": "nsgaii", "runtime": 1.8744392395019531, "writeAt": 1525494270.7924216}
 Culture Criticality "Criticality Modifier" "Initial Known" Inter-Dependency Dynamism Size Plan "Team Size" o0_ o1_ o2_
0 0.8275008014760402 0.037852629416033734 0.9779708844342652 0.16303900276637884 0.4270605733588657 0.5217978311683258 0.25849569577823084 0.8501050690960774 0.2429570827224149 0.0087 0.5692 0.0
1 0.636018455649599 0.12506736629216642 0.519592755088472 0.49386316251645435 0.1501938224496887 0.11456291430897914 0.07255298806809685 0.3151765410284544 0.9536709386582768 0.0137 0.3048 0.3419
2 0.2727967281006122 0.040096730452620966 0.1466204588559361 0.8038350462114311 0.654076941551527 0.9638094574386274 0.24551605847800606 0.6091948460215041 0.3880615556689422 0.0154 0.5248 0.2564
3 0.009780109323527242 0.26574863878340793 0.4661092804338631 0.11313092248904966 0.12826080550950392 0.3773620225478096 0.3093465018833039 0.5373450970942175 0.667098174622915 0.0425 0.2209 0.4615
4 0.5470434900744239 0.040096730452620966 0.1466204588559361 0.8038350462114311 0.654076941551527 0.2021686830964151 0.7524355571783173 0.5533324056844157 0.5302844178912808 0.0493 0.1668 0.0
5 0.017044621850208164 0.34185499336655045 0.7406448608630793 0.2924833131379806 0.8482694287698669 0.03607483343630424 0.3000346511267066 0.5486464275158446 0.1460719391694355 0.1273 0.0433 0.2978
6 0.0495867882859653 0.5640810082586541 0.03587090958318062 0.8816158720348468 0.9265217539905728 0.2258595558709212 0.7852186721968237 0.5518066527000665 0.3894911764075183 0.2902 0.1442 0.0
7 0.07283269802190684 0.8408747581512479 0.15886492967670396 0.6331485551656967 0.6098806405234001 0.10889691660659018 0.19702830117424586 0.3549848785488613 0.2988073077791442 0.4552 0.1361 0.0
#
@{"model": "p3a", "algorithm": "nsgaii", "runtime": 7.218883514404297, "writeAt": 1525494276.3975084}
 Culture Criticality "Criticality Modifier" "Initial Known" Inter-Dependency Dynamism Size Plan "Team Size" o0_ o1_ o2_
0 0.4257897880677457 0.6908181774873139 0.09209025918774527 0.008187210858120353 0.3862063868842569 0.11964086552252973 0.1626184278736107 0.37134168918674404 0.3236908200227221 0.0667 0.2967 0.5983
1 0.42672240682252804 0.24403814263640577 0.24801402150677865 0.2619658848151877 0.4070639000483105 0.9360932535627057 0.0010830809561013233 0.14190460680990635 0.06282945085270608 0.0737 0.6152 0.0
2 0.21864561523088633 0.6893462524693442 0.24801402150677865 0.2619658848151877 0.4070639000483105 0.9360932535627057 0.0010830809561013233 0.14190460680990635 0.06282945085270608 0.091 0.4893 0.0
3 0.7093617367053038 0.840436727700633 0.07715283406737872 0.7270262736743472 0.7981104609605109 0.3553744443290565 0.0025924656967510895 0.8896119336201557 0.39388377782039774 0.1028 0.3806 0.0
4 0.2160686211994528 0.8046371909688959 0.17604879818331953 0.6036219421342202 0.1958078207865631 0.08696694442424702 0.0831087435165333 0.4717592831873181 0.5040188077128017 0.1054 0.2024 0.7358
5 0.5935461725847578 0.7040993429420079 0.6505890891903422 0.7387100437867252 0.7990548728516087 0.28411954198576406 0.1387541887152145 0.7412559805044905 0.023386139183113497 0.1117 0.0 0.5769
6 0.16619204271071042 0.20728767020452266 0.3583139342543691 0.5720526245677355 0.36739265766426443 0.39944128222806896 0.49421397535954203 0.8605308660125963 0.0765124144936884 0.1245 0.2466 0.0405
7 0.2475843957042877 0.03234467796848417 0.7582971045669054 0.6036219421342202 0.1958078207865631 0.08696694442424702 0.0831087435165333 0.4717592831873181 0.5040188077128017 0.1635 0.0758 0.0
8 0.3902996424156423 0.8186722194546422 0.6112389117711494 0.7919302022834113 0.09602705967206027 0.02892578711398419 0.349798678917134 0.3149314861758665 0.597481021070139 0.5494 0.0747 0.0
#
@{"model": "p3a", "algorithm": "nsgaii", "runtime": 7.989270210266113, "writeAt": 1525494276.7941577}
 Culture Criticality "Criticality Modifier" "Initial Known" Inter-Dependency Dynamism Size Plan "Team Size" o0_ o1_ o2_
0 0.43046237982807156 0.18655509961453476 0.11202795968762835 0.6780741542366286 0.3790766666384222 0.648489058270587 0.10791430849706452 0.4123917772038439 0.33521153401357806 0.0681 0.7859 0.2885
1 0.21410627649483682 0.5281733145309468 0.06440746797287944 0.299995213896187 0.9159195722431357 0.6411211241476419 0.1593786444175339 0.7408669559196158 0.1083509570533151 0.0683 0.4701 0.8654
2 0.328000842279236 0.4272390493258251 0.059706846676689906 0.783140128696643 0.01828221371994798 0.6579820465881804 0.0507604399949626 0.5541388152075641 0.4219427279713248 0.0698 0.5741 0.355
3 0.8792473335464255 0.07530742121712442 0.0004632589423033684 0.0915103709590267 0.953442853289183 0.40260024052190524 0.2559864381607373 0.29047864668513135 0.06378120433956613 0.0784 0.6256 0.0932
4 0.24035046575344154 0.5059044190601208 0.10877437630448505 0.6764485656305285 0.6048393512746904 0.6185779110120722 0.13147338241656448 0.1442888168204789 0.35738472213966466 0.0861 0.5732 0.6593
5 0.16724083621450347 0.2769109712594099 0.06233191702057517 0.20179171652545846 0.9672856774335449 0.8380745203867959 0.23620533272800692 0.5796576942163825 0.46589549667440766 0.0875 0.5199 0.3077
6 0.01781634403587118 0.8475562360524675 0.010368299030506067 0.20796608665519545 0.42382475173187095 0.8187788592495623 0.38526338610534083 0.25110812216472334 0.18082006504282877 0.0966 0.4364 0.6838
7 0.5971638468004619 0.5574981828920176 0.09974292836366949 0.25987707731643106 0.6822553956295906 0.9704790558833979 0.12407786492556838 0.8350060834166081 0.2898880033138651 0.1012 0.5811 0.2564
8 0.06256342255607383 0.49453847237529136 0.17905227731951656 0.8616145163874052 0.1870316226002099 0.0795374904329128 0.00919084645472057 0.9956663416111533 0.5019926336625259 0.1082 0.0776 0.181
9 0.7456762958681478 0.4625800102794734 0.010465441577186319 0.24818448591652464 0.5983926307903229 0.5152128832335965 0.4209103484873389 0.15896781200730958 0.7355935730444343 0.119 0.491 0.0375
10 0.6712332781154364 0.3686275241470417 0.05402842515689632 0.26069609085287493 0.8098750259131954 0.24921349624180944 0.3423812255463642 0.4452625745824701 0.7885530449463104 0.1317 0.4072 0.0
11 0.1461673386366925 0.6351500135367243 0.2589138335844646 0.06053357347773902 0.4486202168544037 0.5241213937564175 0.12526289649155664 0.5372945137234353 0.062833666898501 0.1438 0.3941 0.1183
12 0.052827669420175805 0.8228140398770637 0.03230522046862305 0.7617766252676708 0.5461425304818934 0.5185975718279122 0.29203361080331913 0.223053934651813 0.7508379698341017 0.1533 0.1932 0.0
13 0.4609303524024264 0.18277386490170588 0.47757077990694075 0.9438965252100647 0.3380239443234061 0.07724338576979817 0.6791203871341768 0.5191764205326967 0.9157060124691755 0.4268 0.111 0.0
14 0.0369763155175411 0.7772391908383071 0.9359842275084194 0.14148294722818833 0.058848891266739534 0.0133588321221072 0.399571830689077 0.6220396376021577 0.013407025957080654 0.45 0.0313 0.832
#
@{"model": "p3a", "algorithm": "nsgaii", "runtime": 8.258289337158203, "writeAt": 1525494277.4829688}
 Culture Criticality "Criticality Modifier" "Initial Known" Inter-Dependency Dynamism Size Plan "Team Size" o0_ o1_ o2_
0 0.6178530393781555 0.03310417075228611 0.03087567727832785 0.49026073208391063 0.2948710936594513 0.7041636294459116 0.1325716455172543 0.7974910961528541 0.9204084109969995 0.0818 0.5879 0.0
1 0.5647750298058133 0.20482545392919727 0.01489781872783813 0.5988413129909308 0.7444601678290867 0.1133375457010738 0.26744958805579744 0.20799487294847574 0.21565806870616133 0.0915 0.2732 0.3454
2 0.14717831835492545 0.06561134451263106 0.05316100595808593 0.1626686214735198 0.8243074448745373 0.25098949661617387 0.5250674422449674 0.3975655348934978 0.2714510758493274 0.128 0.243 0.3229
3 0.43957412825358766 0.8147520817362905 0.26133961518743165 0.714277473711962 0.38144403087761525 0.5936218834377537 0.14749328855646637 0.2831690733641612 0.23075003836687458 0.1287 0.5374 0.0
4 0.38458589415952293 0.5188399118340271 0.007211957314841921 0.5620091541819868 0.5248860231494317 0.027660144378095497 0.5472761435072592 0.4417943494641342 0.7650403954548363 0.1377 0.0935 0.2289
5 0.16222437017553215 0.3804231657129773 0.5194905670857444 0.2978518040985254 0.6549768686626058 0.5604346859228091 0.09797513956706017 0.07163849355761143 0.39800505421531984 0.1521 0.4658 0.0962
6 0.6934816544220811 0.7385798258570402 0.517852886529117 0.9542608935301737 0.6423637764892827 0.4625269746012016 0.013443800456660715 0.5095926745506317 0.3679348385164972 0.153 0.3154 0.0
7 0.06075648439134973 0.90296622884689 0.26133961518743165 0.714277473711962 0.38144403087761525 0.5936218834377537 0.14749328855646637 0.2831690733641612 0.23075003836687458 0.1782 0.2375 0.0
8 0.28803716484647035 0.08306138869067448 0.13401234059359202 0.23712186240993738 0.026425932957240827 0.09753783250981485 0.889514427899895 0.43363818540258803 0.5610059535082025 0.2432 0.1296 0.0242
9 0.08988232562002407 0.24229073814257962 0.22039471811069533 0.833866896558929 0.6401222529866787 0.1757365046522762 0.5362874418617659 0.14853198809608303 0.6188116743736946 0.2821 0.1518 0.0
10 0.821600674899685 0.637516469450225 0.4944334836960711 0.680679742816386 0.2723856675628247 0.036054143482975864 0.03363653976067149 0.5442197612395093 0.9141186151381807 0.3261 0.1302 0.0
11 0.13006460534865083 0.12443293488582619 0.6482772709417807 0.8459499039207398 0.2966169501018251 0.07261543590770603 0.8478670902373572 0.7462286595828422 0.9318733555680907 0.5875 0.0934 0.1383
#
@{"model": "p3a", "algorithm": "nsgaii", "runtime": 8.45552110671997, "writeAt": 1525494277.6796103}
 Culture Criticality "Criticality Modifier" "Initial Known" Inter-Dependency Dynamism Size Plan "Team Size" o0_ o1_ o2_
0 0.7691014554158815 0.1389078196782838 0.24771902244374133 0.8804715461591157 0.4183670506759817 0.23473857497882022 0.01355804871936439 0.06261620132552503 0.02375110205745068 0.0795 0.5531 1.0
1 0.26045817154508044 0.2685674354445873 0.13528047447292968 0.68172426986822 0.6684154095874598 0.16774125653487626 0.1293412096415283 0.3279783419703456 0.13174919106606187 0.0853 0.235 0.2715
2 0.5328128985896733 0.22238134921071906 0.27509488030770946 0.2253250519696669 0.8468984794562789 0.4749812623800308 0.09421320378108944 0.22298998235607337 0.7169021590412908 0.1012 0.7348 0.0
3 0.5440045305757917 0.041634879712621586 0.33705317731669004 0.2794872300590723 0.7623373127510856 0.4749812623800308 0.09421320378108944 0.22298998235607337 0.7169021590412908 0.1047 0.5127 0.0
4 0.27566699151269924 0.6899065299068082 0.0853063390665203 0.7670119469716009 0.7007755890732401 0.42909478983199456 0.3356079259677307 0.6545145989693505 0.13448761035703194 0.1097 0.4038 0.1073
5 0.08092845922103886 0.9417144262763333 0.20831325965639047 0.9417913708740902 0.7911505204471244 0.31243368986970654 0.22583483672729754 0.18201325574898053 0.4168070481826319 0.1216 0.174 0.3297
6 0.34383377310786434 0.2297764569135584 0.08803873636428894 0.9597955445009466 0.22332358210949288 0.40313729403774445 0.5649781329554314 0.5734701566663468 0.32589250353149046 0.1496 0.4414 0.0
7 0.9158985322456307 0.37289116689494006 0.2734643025795529 0.7053752081584159 0.25803401311876983 0.09216019938851017 0.048005732726990824 0.3443835136290183 0.8709886604720308 0.1524 0.4393 0.0
8 0.5624858170735231 0.4259878844822309 0.12097133780571756 0.4148242221790941 0.4030650105542489 0.05325189060618707 0.42858914197415576 0.9384165375072356 0.5897237966024781 0.1545 0.1707 0.1789
9 0.1244756803026047 0.9939664907683692 0.056391882643143876 0.702253431724145 0.5139258697451361 0.0621986226167881 0.6736595757060553 0.5619689139513155 0.17217085195461812 0.1615 0.1024 0.359
10 0.34383377310786434 0.2297764569135584 0.08803873636428894 0.9597955445009466 0.22332358210949288 0.40313729403774445 0.5649781329554314 0.5734701566663468 0.21281902762601423 0.1823 0.4032 0.0
11 0.1680373683408154 0.9081244135061148 0.03402465111533148 0.4558401410398404 0.06203934316373072 0.2010634579434023 0.5310164530508644 0.04820730553202279 0.5481716313976672 0.1863 0.1615 0.0
12 0.6360249159787906 0.07234844095398962 0.6922242560555837 0.9610818360154143 0.30519813180532684 0.44230490592399363 0.18698204308030275 0.6596263688405688 0.4842538129324978 0.192 0.1148 0.0
13 0.9577112622471827 0.1973280452970485 0.5636505486254405 0.9304330337905102 0.7726125680508189 0.02034583744480023 0.5623834266865482 0.6000867795850781 0.8990605575371078 0.3527 0.0913 0.0
14 0.0373854419649674 0.06974633073786163 0.8356416585516006 0.010107866864568216 0.8116877615740019 0.03339192711333627 0.6364340029638054 0.8962213599962059 0.17080273000936574 0.3974 0.0273 0.0942
15 0.2662410715620245 0.871348157704716 0.9529001770007828 0.5130136312760951 0.5359845807763051 0.03059184840823692 0.3914267417768921 0.8819845043022726 0.3187683199136606 0.4799 0.0645 0.0
#
@{"model": "p3a", "algorithm": "nsgaii", "runtime": 8.681090116500854, "writeAt": 1525494277.8911104}
 Culture Criticality "Criticality Modifier" "Initial Known" Inter-Dependency Dynamism Size Plan "Team Size" o0_ o1_ o2_
0 0.7713590214120553 0.6848717753113305 0.06608830720270908 0.9359322865539756 0.37601133395420383 0.009143557742592567 0.08059832983421211 0.7512359436304474 0.1514447294486717 0.0507 0.113 0.8284
1 0.8243779574875519 0.06934351566466801 0.004494135482680961 0.7959928808897805 0.004030240134955343 0.649518304600138 0.0840276637506635 0.012703397353116319 0.2824374867149001 0.0599 0.37 0.0
2 0.04223242247992054 0.9671715398245317 0.004494135482680961 0.9359283246419536 0.9139593862780591 0.30237519475921104 0.1558448389788083 0.28999237783459453 0.5058858938910639 0.0643 0.1758 0.1648
3 0.5398185564608904 0.7272092792881514 0.03810584524124527 0.9359283246419536 0.9139593862780591 0.30237519475921104 0.1558448389788083 0.28999237783459453 0.5058858938910639 0.0986 0.3557 0.0
4 0.03355434204922503 0.6996245324631749 0.05940296006857759 0.31164496216696447 0.10870851429361295 0.24873336402271917 0.48433382302861894 0.9633491794574285 0.009537201775844384 0.1159 0.1614 0.7407
5 0.7713590214120553 0.6848717753113305 0.06608830720270908 0.9359322865539756 0.37601133395420383 0.009143557742592567 0.052117004360152985 0.35733356334443267 0.5965535553758623 0.1185 0.1271 0.5917
6 0.10276605906008562 0.9413358959936975 0.28855957653529374 0.09178894016839156 0.7857847582832037 0.46944509258975897 0.04578021892321782 0.43349662485604956 0.8758512939227869 0.131 0.1808 0.0
7 0.42320846780602517 0.6618642174068755 0.15193414459053822 0.36197262085245074 0.2288987168007578 0.0742999255654645 0.3809707347132636 0.8114329521553494 0.9512508931184891 0.2112 0.13 0.0
8 0.7010632609866225 0.7982643873279879 0.37563382904709586 0.6132073442109636 0.74142184669346 0.003455352503714648 0.47468732396621505 0.6110329785667815 0.8533640838269332 0.3322 0.0466 0.227
9 0.37683966115726963 0.5456552767430455 0.9849220854855489 0.27732841503630423 0.48833103929318666 0.012974887765068055 0.40061190745185515 0.004405120641548632 0.7979575306545504 0.6664 0.028 0.0
#
@{"model": "p3a", "algorithm": "nsgaii", "runtime": 8.70105242729187, "writeAt": 1525494277.926493}
 Culture Criticality "Criticality Modifier" "Initial Known" Inter-Dependency Dynamism Size Plan "Team Size" o0_ o1_ o2_
0 0.4732334504580318 0.06449874196169181 0.06077217831209858 0.9134810380010486 0.9920216877842449 0.37525635173594574 0.24669409872112769 0.20355818836096584 0.9702333354705931 0.0763 0.664 0.7692
1 0.1399470445753047 0.4147041022144763 0.12447892211673173 0.12232461871185496 0.10812278006062281 0.4252353252023108 0.24659607399076577 0.9633255654930711 0.2553427197367808 0.0794 0.4758 0.362
2 0.6831351782962325 0.025944236684654176 0.422901034203093 0.8408624970082005 0.9920216877842449 0.37525635173594574 0.24669409872112769 0.20355818836096584 0.9702333354705931 0.1013 0.9031 0.0
3 0.10693536589964825 0.6502884187247491 0.284065542852999 0.3251541475172307 0.5942577251933162 0.25491482553101874 0.11477238981441706 0.09025992279766959 0.019845946043310136 0.1025 0.3336 0.4701
4 0.10134070022447605 0.2892165461187278 0.053663275053679405 0.537460623103496 0.10441163580411139 0.5189632192290907 0.3884949473056911 0.5270358941111757 0.4531078145362061 0.1028 0.2114 0.0
5 0.08367497274318025 0.34390961199958503 0.3007341168617983 0.6568934528520506 0.27559060390992274 0.3692317475472562 0.23483616726131207 0.737820434530759 0.5901202902058043 0.1295 0.1336 0.5128
6 0.1936344850927635 0.6773379731311078 0.044812341274674594 0.498719388401216 0.5108999117330842 0.02046499771190624 0.7082748912691276 0.6820808868982126 0.12311822066111833 0.1325 0.0681 0.3497
7 0.24265033695742833 0.12633104153733266 0.016754952220931152 0.0499016384814317 0.6614936274528965 0.06622708552668999 0.631519324011887 0.7116905705971215 0.8318099098628738 0.1556 0.1401 0.1528
8 0.11884065322450799 0.5395541301299064 0.040600230068402854 0.8999017246574483 0.31467521040049684 0.16935410071286328 0.6665487010123783 0.425435770691318 0.3649910198093832 0.1725 0.1501 0.1459
9 0.013096587654911174 0.2698882220828245 0.2555542083006369 0.3927311796514855 0.03849028582631109 0.02853142896266858 0.3650072939609027 0.19067881890366944 0.37305626889542665 0.1776 0.0468 0.5903
10 0.7771253625412468 0.8656852775053658 0.29800986883402925 0.3927311796514855 0.03849028582631109 0.02853142896266858 0.3650072939609027 0.19067881890366944 0.37305626889542665 0.2435 0.0814 0.0
11 0.1399470445753047 0.900447320564847 0.5418306640016374 0.498719388401216 0.5108999117330842 0.02046499771190624 0.7082748912691276 0.6820808868982126 0.12311822066111833 0.423 0.0458 0.1615
12 0.35589790582820624 0.3547322459142157 0.9654906917918659 0.7469082026606897 0.9088689033200507 0.0002929885067401994 0.29056183815515446 0.4528296616055304 0.8136354724815013 0.6268 0.0227 0.0
#
@{"model": "p3a", "algorithm": "nsgaii", "runtime": 9.142830610275269, "writeAt": 1525494277.9863129}
 Culture Criticality "Criticality Modifier" "Initial Known" Inter-Dependency Dynamism Size Plan "Team Size" o0_ o1_ o2_
0 0.9753462210534146 0.27384273814940596 0.14144260363161176 0.857444199371651 0.6643590997545678 0.18701268843327234 0.11240849647799545 0.45947646829475675 0.2021008113123285 0.0724 0.4547 0.2051
1 0.8642950079370001 0.6660060932902166 0.12675211615981374 0.8608259885383778 0.8415161709306425 0.8292780124963384 0.12072200104516373 0.04874307609356365 0.14395497059433304 0.0814 1.0 0.0
2 0.9582442640077299 0.8558913921171732 0.06670738431361989 0.6041172731087634 0.5008086370089326 0.06345866343066275 0.12243077124358825 0.19539097855828447 0.5809646556804279 0.1049 0.437 0.8547
3 0.860949249589391 0.07052257007554275 0.12573752299337626 0.3135844707566552 0.26474498570691585 0.05901388691998566 0.06422261121399353 0.7372118128027487 0.6679147540832311 0.1056 0.3195 0.7692
4 0.4842791799347329 0.22256249077951873 0.0840352739117084 0.17700115779794878 0.833443687785821 0.43943038420882163 0.3268379037329321 0.04874307609356365 0.3090787024832572 0.1118 0.6178 0.1282
5 0.4109960647940688 0.8993526602002141 0.004627207309862658 0.3133444692240799 0.07212737937170588 0.758837412729625 0.5941800517064306 0.7035132489531402 0.2987944081608329 0.1238 0.6027 0.0956
6 0.8354868344683328 0.0383278020003589 0.599745944621003 0.6056229316941028 0.43337739291246913 0.19320992722939379 0.08708965868440077 0.27122922787921777 0.3574258864972605 0.1532 0.3653 0.1923
7 0.18109627335823464 0.2083371519382815 0.369259686438527 0.5611919622934224 0.2443847147370446 0.9626291113090848 0.06941927646047807 0.48146746924982053 0.8843781489474548 0.1536 0.6693 0.0
8 0.6458295922423974 0.6823040573004381 0.18260924674233647 0.7578556234227821 0.31574619346819843 0.3358129474307576 0.2961578260012182 0.3602000115626838 0.03911066203083091 0.1545 0.4746 0.1889
9 0.46450368681155096 0.0008576115456270239 0.20771540984754455 0.3073379864636674 0.5448719517946895 0.3336642158316595 0.2900122228498413 0.4219429817882574 0.4166472771702163 0.1564 0.4604 0.0
10 0.006415309586126239 0.4151971654234089 0.10723589891878915 0.9023837034320427 0.9930678681736597 0.29212384029224536 0.6556524104805262 0.46891591706355107 0.4637956488146113 0.1825 0.2414 0.6838
11 0.7644111645708869 0.9887197523247424 0.034889601504118684 0.46083359891087716 0.6772897128420129 0.03272792276051684 0.8499331488819167 0.8470414778519494 0.14395497059433304 0.1852 0.2084 0.4306
12 0.1691478125904825 0.37730523881806655 0.49893937229372765 0.3153923780760912 0.8734976857529583 0.09943673178871726 0.14817124862565456 0.5059815310742367 0.8205147950168155 0.191 0.1368 0.5769
13 0.8813435308948758 0.3206933544679873 0.6207389129029443 0.5111870081621087 0.6851266238226125 0.3175899607068372 0.13043201802333582 0.8097159138820007 0.02064358699969837 0.1922 0.2183 0.0
14 0.0433111975789684 0.023083454760199795 0.8762594781491875 0.6638589112102867 0.2335945831708136 0.18701268843327234 0.11240849647799545 0.45947646829475675 0.2021008113123285 0.1987 0.2024 0.0
15 0.9582442640077299 0.8558913921171732 0.06670738431361989 0.6041172731087634 0.5008086370089326 0.06345866343066275 0.9883048603274008 0.20158242051079056 0.030803833321282337 0.2063 0.1949 0.0669
16 0.06026761288927163 0.10428260564035996 0.70799206457899 0.7111355456354743 0.5376919859602234 0.34596072663159017 0.5941800517064306 0.7035132489531402 0.2987944081608329 0.2768 0.1944 0.0225
17 0.06026761288927163 0.10428260564035996 0.70799206457899 0.7111355456354743 0.5376919859602234 0.34596072663159017 0.8681879450294986 0.9920686391489308 0.0499059761554318 0.3647 0.1553 0.0728
18 0.4278303209595514 0.7097510953732852 0.9581627103025765 0.29229999114206007 0.19377724170270128 0.11064858476026718 0.3169979942934993 0.29718787355787 0.7544321542712776 0.9056 0.1698 0.0615
#
@{"model": "p3a", "algorithm": "nsgaii", "runtime": 9.201777935028076, "writeAt": 1525494278.011336}
 Culture Criticality "Criticality Modifier" "Initial Known" Inter-Dependency Dynamism Size Plan "Team Size" o0_ o1_ o2_
0 0.15513794021003857 0.7538661742372412 0.17572955646847932 0.2526348269287121 0.33040525528445497 0.15873937436235297 0.16414307184874377 0.7234862056741771 0.9811137527979044 0.0385 0.0861 0.0
1 0.6564506737970227 0.12971483433521003 0.2050498598763274 0.5758340056853979 0.6761615735481823 0.0016245731988564494 0.4224129244157917 0.15837489453966758 0.05518791256167388 0.1348 0.0626 0.5315
2 0.04633430410096284 0.7321246937780935 0.04199595914491816 0.40840979963247537 0.2682200271027242 0.045622422448515 0.8328284625760262 0.25811730761458185 0.5898428413650837 0.2397 0.0447 0.3647
3 0.5349091203459531 0.5602295752588963 0.8521791108671304 0.1627234782724577 0.3951620122617848 0.035446770045250764 0.43699551483838406 0.6214427089178508 0.5639348570845496 0.4427 0.0767 0.0
#
@{"model": "p3a", "algorithm": "nsgaii", "runtime": 9.337337732315063, "writeAt": 1525494278.1447382}
 Culture Criticality "Criticality Modifier" "Initial Known" Inter-Dependency Dynamism Size Plan "Team Size" o0_ o1_ o2_
0 0.8065561589192994 0.3680732526121364 0.050142526551864686 0.020409706576319686 0.7064690191176801 0.8237575198591275 0.050247848487782965 0.44198779733335436 0.5261464175723605 0.0535 0.8062 0.0
1 0.38093969165876396 0.09147767057605471 0.3526938034803392 0.6747174445920332 0.09772080037662212 0.8966471908206901 0.09043002666196875 0.3189015117204991 0.19458794688858083 0.0807 0.5776 0.641
2 0.8608651386275381 0.3153214148451191 0.034030908007607996 0.2920247023173901 0.1396895025446846 0.7109513409941395 0.022896942145987365 0.08657116554225674 0.7669017505790898 0.085 0.6396 0.2564
3 0.2779690295374696 0.30669806913976116 0.06572751308103564 0.8238369080967393 0.35052575509153217 0.21707849085165054 0.43986125967591216 0.9473886125248833 0.5267044106887518 0.0915 0.4192 0.4511
4 0.3705918311824191 0.720044146184229 0.0114580479741766 0.8902258778155531 0.0830472162869561 0.9510763847401777 0.04001210513974229 0.8129589680062185 0.5324502086985669 0.0984 0.5781 0.2564
5 0.09724434011477334 0.5124845768254469 0.16090081143530377 0.3222069591315403 0.6033485509762252 0.17085534133066227 0.09043002666196875 0.3189015117204991 0.19458794688858083 0.1073 0.2856 0.4734
6 0.7935855883548989 0.6171732385436869 0.09762281638316217 0.7269800523984028 0.009584147321668457 0.4168195998247085 0.4276685065257654 0.9635259593234814 0.298277642716796 0.1143 0.5387 0.0
7 0.05487515187092573 0.5827939766496789 0.22668753181863688 0.7269592437010632 0.5074982049974118 0.9024378282073807 0.15608037868371138 0.23723889349990013 0.340208411059151 0.1153 0.4371 0.2198
8 0.38560408512185795 0.7075217761788732 0.028374276515612418 0.23844294639793462 0.009603492225213395 0.5121988637301084 0.461576045153697 0.6437915876190637 0.994352075049877 0.1259 0.3932 0.0
9 0.5645438769832674 0.09178086322250245 0.4152249805584367 0.15064639180233264 0.6994582829006183 0.267436249604902 0.032600054787885746 0.4908136309287173 0.014667489669525247 0.1443 0.1041 0.724
10 0.17388967144504508 0.021090889478530883 0.808648283908658 0.15927794314122923 0.5692650229550583 0.24713622035250626 0.07976433259151772 0.7813708500728203 0.2612231090650976 0.1602 0.2304 0.1709
11 0.387437523435629 0.202358261809935 0.11530024305954023 0.14363481101990616 0.9976065485928591 0.2957875680234251 0.67962105608151 0.29619939719669763 0.7723056830599113 0.21 0.3751 0.1538
12 0.8350833380801465 0.34183145939004655 0.9436437200380086 0.700957483529898 0.35431370907412985 0.032800306290419856 0.20097194663504725 0.5312408648381969 0.2137853289164745 0.2205 0.2013 0.3419
13 0.7121333653473764 0.687158637532817 0.2400764400958041 0.9932148180504891 0.6945359450729119 0.14080256734490038 0.1674891650598581 0.5311213219238399 0.6146778124583843 0.2283 0.1607 0.0
14 0.05269650136705328 0.8038960617667402 0.41127955399090077 0.38280069070867784 0.9499093194114094 0.08779843880940041 0.21173906353778438 0.035319364476744664 0.5802815678526381 0.2599 0.085 0.2051
15 0.7121333653473764 0.687158637532817 0.2400764400958041 0.9932148180504891 0.6945359450729119 0.04306245192948466 0.7097120386768205 0.5662493941346503 0.20135126412964954 0.2668 0.098 0.0
16 0.04841340613558354 0.486769737846686 0.7905002946146724 0.48641993742337 0.13182185111170186 0.11050244103850693 0.6322732889911972 0.2047949727210009 0.3952532845864878 0.6224 0.0783 0.4562
#
